{
    "plddt": 93.0,
    "gpde": 0.6396970152854919,
    "ptm": 0.9231615662574768,
    "iptm": 0.9131458401679993,
    "chain_ptm": [
        0.8914833068847656,
        0.8950148820877075,
        0.9411178827285767,
        0.2723655700683594,
        0.27818992733955383,
        0.2790219783782959,
        0.27623194456100464,
        0.27052009105682373,
        0.2661777138710022,
        0.0,
        0.0,
        0.0,
        0.0,
        0.0,
        0.0,
        0.0
    ],
    "chain_iptm": [
        0.6774725914001465,
        0.6728116273880005,
        0.6713830232620239,
        0.2294180989265442,
        0.19265370070934296,
        0.19008037447929382,
        0.14588232338428497,
        0.1388068050146103,
        0.13350264728069305,
        0.28329354524612427,
        0.21321962773799896,
        0.22938662767410278,
        0.18418775498867035,
        0.1721695214509964,
        0.1446729451417923,
        0.16359052062034607
    ],
    "chain_pair_iptm": [
        [
            0.0,
            0.9241510629653931,
            0.889039933681488,
            0.8865907192230225,
            0.7516209483146667,
            0.7184503078460693,
            0.5638636350631714,
            0.5173171758651733,
            0.48851317167282104,
            0.8379368782043457,
            0.6391825675964355,
            0.6585385203361511,
            0.553341805934906,
            0.528764009475708,
            0.4108964502811432,
            0.4741142988204956
        ],
        [
            0.9241510629653931,
            0.0,
            0.8879343271255493,
            0.8734707832336426,
            0.7637777328491211,
            0.6974336504936218,
            0.5673798322677612,
            0.5093076229095459,
            0.4803518056869507,
            0.8435649871826172,
            0.6228598356246948,
            0.6694587469100952,
            0.5670843124389648,
            0.4778813123703003,
            0.40782591700553894,
            0.47837844491004944
        ],
        [
            0.889039933681488,
            0.8879343271255493,
            0.0,
            0.8334580063819885,
            0.6831517815589905,
            0.7240660190582275,
            0.521336555480957,
            0.5504511594772339,
            0.5582632422447205,
            0.8042001724243164,
            0.6406679153442383,
            0.6725660562515259,
            0.5253921151161194,
            0.5265926718711853,
            0.473953515291214,
            0.5030343532562256
        ],
        [
            0.8865907192230225,
            0.8734707832336426,
            0.8334580063819885,
            0.0,
            0.0025658519007265568,
            0.00491177337244153,
            0.0046457829885184765,
            0.001021397765725851,
            0.0006879342836327851,
            0.047144122421741486,
            0.004624571651220322,
            0.0047639356926083565,
            0.0015967298531904817,
            0.002036449033766985,
            0.0008412327151745558,
            0.0009047699277289212
        ],
        [
            0.7516209483146667,
            0.7637777328491211,
            0.6831517815589905,
            0.0025658519007265568,
            0.0,
            0.0011250670067965984,
            0.00700171897187829,
            0.0006622865912504494,
            0.0004198417591396719,
            0.0028768370393663645,
            0.0010652320925146341,
            0.0012334621278569102,
            0.0029268725775182247,
            0.000974037277046591,
            0.0007457147585228086,
            0.000562934554181993
        ],
        [
            0.7184503078460693,
            0.6974336504936218,
            0.7240660190582275,
            0.00491177337244153,
            0.0011250670067965984,
            0.0,
            0.0016679407563060522,
            0.0014798823976889253,
            0.0014870978193357587,
            0.004022207111120224,
            0.006484623532742262,
            0.05184685438871384,
            0.001143097411841154,
            0.004580032080411911,
            0.0009617775795049965,
            0.0015667600091546774
        ],
        [
            0.5638636350631714,
            0.5673798322677612,
            0.521336555480957,
            0.0046457829885184765,
            0.00700171897187829,
            0.0016679407563060522,
            0.0,
            0.0007992306491360068,
            0.0005385930999182165,
            0.007718030828982592,
            0.002270335564389825,
            0.002641933737322688,
            0.004425331950187683,
            0.0020007689017802477,
            0.0010046467650681734,
            0.0007659236434847116
        ],
        [
            0.5173171758651733,
            0.5093076229095459,
            0.5504511594772339,
            0.001021397765725851,
            0.0006622865912504494,
            0.0014798823976889253,
            0.0007992306491360068,
            0.0,
            0.001448940485715866,
            0.0013907956890761852,
            0.0010069489944726229,
            0.0019029818940907717,
            0.0011952257482334971,
            0.00535100232809782,
            0.00514033529907465,
            0.011593643575906754
        ],
        [
            0.48851317167282104,
            0.4803518056869507,
            0.5582632422447205,
            0.0006879342836327851,
            0.0004198417591396719,
            0.0014870978193357587,
            0.0005385930999182165,
            0.001448940485715866,
            0.0,
            0.0007877331227064133,
            0.0008145150495693088,
            0.0015269744908437133,
            0.0005843209801241755,
            0.001345444587059319,
            0.0006870476063340902,
            0.0013935245806351304
        ],
        [
            0.8379368782043457,
            0.8435649871826172,
            0.8042001724243164,
            0.047144122421741486,
            0.0028768370393663645,
            0.004022207111120224,
            0.007718030828982592,
            0.0013907956890761852,
            0.0007877331227064133,
            0.0,
            0.0,
            0.0,
            0.0,
            0.0,
            0.0,
            0.0
        ],
        [
            0.6391825675964355,
            0.6228598356246948,
            0.6406679153442383,
            0.004624571651220322,
            0.0010652320925146341,
            0.006484623532742262,
            0.002270335564389825,
            0.0010069489944726229,
            0.0008145150495693088,
            0.0,
            0.0,
            0.0,
            0.0,
            0.0,
            0.0,
            0.0
        ],
        [
            0.6585385203361511,
            0.6694587469100952,
            0.6725660562515259,
            0.0047639356926083565,
            0.0012334621278569102,
            0.05184685438871384,
            0.002641933737322688,
            0.0019029818940907717,
            0.0015269744908437133,
            0.0,
            0.0,
            0.0,
            0.0,
            0.0,
            0.0,
            0.0
        ],
        [
            0.553341805934906,
            0.5670843124389648,
            0.5253921151161194,
            0.0015967298531904817,
            0.0029268725775182247,
            0.001143097411841154,
            0.004425331950187683,
            0.0011952257482334971,
            0.0005843209801241755,
            0.0,
            0.0,
            0.0,
            0.0,
            0.0,
            0.0,
            0.0
        ],
        [
            0.528764009475708,
            0.4778813123703003,
            0.5265926718711853,
            0.002036449033766985,
            0.000974037277046591,
            0.004580032080411911,
            0.0020007689017802477,
            0.00535100232809782,
            0.001345444587059319,
            0.0,
            0.0,
            0.0,
            0.0,
            0.0,
            0.0,
            0.0
        ],
        [
            0.4108964502811432,
            0.40782591700553894,
            0.473953515291214,
            0.0008412327151745558,
            0.0007457147585228086,
            0.0009617775795049965,
            0.0010046467650681734,
            0.00514033529907465,
            0.0006870476063340902,
            0.0,
            0.0,
            0.0,
            0.0,
            0.0,
            0.0,
            0.0
        ],
        [
            0.4741142988204956,
            0.47837844491004944,
            0.5030343532562256,
            0.0009047699277289212,
            0.000562934554181993,
            0.0015667600091546774,
            0.0007659236434847116,
            0.011593643575906754,
            0.0013935245806351304,
            0.0,
            0.0,
            0.0,
            0.0,
            0.0,
            0.0,
            0.0
        ]
    ],
    "chain_pair_iptm_global": [
        [
            0.0,
            0.6751421093940735,
            0.6744278073310852,
            0.2294180989265442,
            0.19265370070934296,
            0.19008037447929382,
            0.14588232338428497,
            0.1388068050146103,
            0.13350264728069305,
            0.28329354524612427,
            0.21321962773799896,
            0.22938662767410278,
            0.18418775498867035,
            0.1721695214509964,
            0.1446729451417923,
            0.16359052062034607
        ],
        [
            0.6751421093940735,
            0.0,
            0.6720973253250122,
            0.2294180989265442,
            0.19265370070934296,
            0.19008037447929382,
            0.14588232338428497,
            0.1388068050146103,
            0.13350264728069305,
            0.28329354524612427,
            0.21321962773799896,
            0.22938662767410278,
            0.18418775498867035,
            0.1721695214509964,
            0.1446729451417923,
            0.16359052062034607
        ],
        [
            0.6744278073310852,
            0.6720973253250122,
            0.0,
            0.2294180989265442,
            0.19265370070934296,
            0.19008037447929382,
            0.14588232338428497,
            0.1388068050146103,
            0.13350264728069305,
            0.28329354524612427,
            0.21321962773799896,
            0.22938662767410278,
            0.18418775498867035,
            0.1721695214509964,
            0.1446729451417923,
            0.16359052062034607
        ],
        [
            0.2294180989265442,
            0.2294180989265442,
            0.2294180989265442,
            0.0,
            0.2294180989265442,
            0.2294180989265442,
            0.2294180989265442,
            0.2294180989265442,
            0.2294180989265442,
            0.2294180989265442,
            0.2294180989265442,
            0.2294180989265442,
            0.2294180989265442,
            0.2294180989265442,
            0.2294180989265442,
            0.2294180989265442
        ],
        [
            0.19265370070934296,
            0.19265370070934296,
            0.19265370070934296,
            0.19265370070934296,
            0.0,
            0.19265370070934296,
            0.19265370070934296,
            0.19265370070934296,
            0.19265370070934296,
            0.19265370070934296,
            0.19265370070934296,
            0.19265370070934296,
            0.19265370070934296,
            0.19265370070934296,
            0.19265370070934296,
            0.19265370070934296
        ],
        [
            0.19008037447929382,
            0.19008037447929382,
            0.19008037447929382,
            0.19008037447929382,
            0.19008037447929382,
            0.0,
            0.19008037447929382,
            0.19008037447929382,
            0.19008037447929382,
            0.19008037447929382,
            0.19008037447929382,
            0.19008037447929382,
            0.19008037447929382,
            0.19008037447929382,
            0.19008037447929382,
            0.19008037447929382
        ],
        [
            0.14588232338428497,
            0.14588232338428497,
            0.14588232338428497,
            0.14588232338428497,
            0.14588232338428497,
            0.14588232338428497,
            0.0,
            0.14588232338428497,
            0.14588232338428497,
            0.14588232338428497,
            0.14588232338428497,
            0.14588232338428497,
            0.14588232338428497,
            0.14588232338428497,
            0.14588232338428497,
            0.14588232338428497
        ],
        [
            0.1388068050146103,
            0.1388068050146103,
            0.1388068050146103,
            0.1388068050146103,
            0.1388068050146103,
            0.1388068050146103,
            0.1388068050146103,
            0.0,
            0.1388068050146103,
            0.1388068050146103,
            0.1388068050146103,
            0.1388068050146103,
            0.1388068050146103,
            0.1388068050146103,
            0.1388068050146103,
            0.1388068050146103
        ],
        [
            0.13350264728069305,
            0.13350264728069305,
            0.13350264728069305,
            0.13350264728069305,
            0.13350264728069305,
            0.13350264728069305,
            0.13350264728069305,
            0.13350264728069305,
            0.0,
            0.13350264728069305,
            0.13350264728069305,
            0.13350264728069305,
            0.13350264728069305,
            0.13350264728069305,
            0.13350264728069305,
            0.13350264728069305
        ],
        [
            0.28329354524612427,
            0.28329354524612427,
            0.28329354524612427,
            0.28329354524612427,
            0.28329354524612427,
            0.28329354524612427,
            0.28329354524612427,
            0.28329354524612427,
            0.28329354524612427,
            0.0,
            0.28329354524612427,
            0.28329354524612427,
            0.28329354524612427,
            0.28329354524612427,
            0.28329354524612427,
            0.28329354524612427
        ],
        [
            0.21321962773799896,
            0.21321962773799896,
            0.21321962773799896,
            0.21321962773799896,
            0.21321962773799896,
            0.21321962773799896,
            0.21321962773799896,
            0.21321962773799896,
            0.21321962773799896,
            0.21321962773799896,
            0.0,
            0.21321962773799896,
            0.21321962773799896,
            0.21321962773799896,
            0.21321962773799896,
            0.21321962773799896
        ],
        [
            0.22938662767410278,
            0.22938662767410278,
            0.22938662767410278,
            0.22938662767410278,
            0.22938662767410278,
            0.22938662767410278,
            0.22938662767410278,
            0.22938662767410278,
            0.22938662767410278,
            0.22938662767410278,
            0.22938662767410278,
            0.0,
            0.22938662767410278,
            0.22938662767410278,
            0.22938662767410278,
            0.22938662767410278
        ],
        [
            0.18418775498867035,
            0.18418775498867035,
            0.18418775498867035,
            0.18418775498867035,
            0.18418775498867035,
            0.18418775498867035,
            0.18418775498867035,
            0.18418775498867035,
            0.18418775498867035,
            0.18418775498867035,
            0.18418775498867035,
            0.18418775498867035,
            0.0,
            0.18418775498867035,
            0.18418775498867035,
            0.18418775498867035
        ],
        [
            0.1721695214509964,
            0.1721695214509964,
            0.1721695214509964,
            0.1721695214509964,
            0.1721695214509964,
            0.1721695214509964,
            0.1721695214509964,
            0.1721695214509964,
            0.1721695214509964,
            0.1721695214509964,
            0.1721695214509964,
            0.1721695214509964,
            0.1721695214509964,
            0.0,
            0.1721695214509964,
            0.1721695214509964
        ],
        [
            0.1446729451417923,
            0.1446729451417923,
            0.1446729451417923,
            0.1446729451417923,
            0.1446729451417923,
            0.1446729451417923,
            0.1446729451417923,
            0.1446729451417923,
            0.1446729451417923,
            0.1446729451417923,
            0.1446729451417923,
            0.1446729451417923,
            0.1446729451417923,
            0.1446729451417923,
            0.0,
            0.1446729451417923
        ],
        [
            0.16359052062034607,
            0.16359052062034607,
            0.16359052062034607,
            0.16359052062034607,
            0.16359052062034607,
            0.16359052062034607,
            0.16359052062034607,
            0.16359052062034607,
            0.16359052062034607,
            0.16359052062034607,
            0.16359052062034607,
            0.16359052062034607,
            0.16359052062034607,
            0.16359052062034607,
            0.16359052062034607,
            0.0
        ]
    ],
    "chain_plddt": [
        0.9375,
        0.9375,
        0.921875,
        0.75,
        0.703125,
        0.6171875,
        0.5625,
        0.52734375,
        0.5625,
        0.79296875,
        0.67578125,
        0.62890625,
        0.609375,
        0.5234375,
        0.59375,
        0.5703125
    ],
    "chain_pair_plddt": [
        [
            0.0,
            0.9375,
            0.9296875,
            0.93359375,
            0.93359375,
            0.93359375,
            0.93359375,
            0.93359375,
            0.93359375,
            0.9375,
            0.9375,
            0.9375,
            0.9375,
            0.9375,
            0.9375,
            0.9375
        ],
        [
            0.9375,
            0.0,
            0.9296875,
            0.9375,
            0.9375,
            0.9375,
            0.9375,
            0.9375,
            0.9375,
            0.9375,
            0.9375,
            0.9375,
            0.9375,
            0.9375,
            0.9375,
            0.9375
        ],
        [
            0.9296875,
            0.9296875,
            0.0,
            0.921875,
            0.921875,
            0.921875,
            0.91796875,
            0.91796875,
            0.91796875,
            0.921875,
            0.921875,
            0.921875,
            0.921875,
            0.921875,
            0.921875,
            0.921875
        ],
        [
            0.93359375,
            0.9375,
            0.921875,
            0.0,
            0.7265625,
            0.68359375,
            0.65625,
            0.640625,
            0.65625,
            0.76171875,
            0.73828125,
            0.7265625,
            0.72265625,
            0.70703125,
            0.71875,
            0.71484375
        ],
        [
            0.93359375,
            0.9375,
            0.921875,
            0.7265625,
            0.0,
            0.66015625,
            0.6328125,
            0.61328125,
            0.6328125,
            0.72265625,
            0.69921875,
            0.6875,
            0.68359375,
            0.66796875,
            0.6796875,
            0.67578125
        ],
        [
            0.93359375,
            0.9375,
            0.921875,
            0.68359375,
            0.66015625,
            0.0,
            0.58984375,
            0.5703125,
            0.58984375,
            0.65234375,
            0.62890625,
            0.62109375,
            0.6171875,
            0.59765625,
            0.61328125,
            0.609375
        ],
        [
            0.93359375,
            0.9375,
            0.91796875,
            0.65625,
            0.6328125,
            0.58984375,
            0.0,
            0.54296875,
            0.5625,
            0.609375,
            0.5859375,
            0.57421875,
            0.5703125,
            0.5546875,
            0.56640625,
            0.5625
        ],
        [
            0.93359375,
            0.9375,
            0.91796875,
            0.640625,
            0.61328125,
            0.5703125,
            0.54296875,
            0.0,
            0.546875,
            0.578125,
            0.5546875,
            0.546875,
            0.54296875,
            0.52734375,
            0.5390625,
            0.53515625
        ],
        [
            0.93359375,
            0.9375,
            0.91796875,
            0.65625,
            0.6328125,
            0.58984375,
            0.5625,
            0.546875,
            0.0,
            0.609375,
            0.5859375,
            0.578125,
            0.57421875,
            0.5546875,
            0.5703125,
            0.56640625
        ],
        [
            0.9375,
            0.9375,
            0.921875,
            0.76171875,
            0.72265625,
            0.65234375,
            0.609375,
            0.578125,
            0.609375,
            0.0,
            0.734375,
            0.7109375,
            0.703125,
            0.65625,
            0.6953125,
            0.6796875
        ],
        [
            0.9375,
            0.9375,
            0.921875,
            0.73828125,
            0.69921875,
            0.62890625,
            0.5859375,
            0.5546875,
            0.5859375,
            0.734375,
            0.0,
            0.65234375,
            0.640625,
            0.6015625,
            0.6328125,
            0.625
        ],
        [
            0.9375,
            0.9375,
            0.921875,
            0.7265625,
            0.6875,
            0.62109375,
            0.57421875,
            0.546875,
            0.578125,
            0.7109375,
            0.65234375,
            0.0,
            0.6171875,
            0.578125,
            0.609375,
            0.6015625
        ],
        [
            0.9375,
            0.9375,
            0.921875,
            0.72265625,
            0.68359375,
            0.6171875,
            0.5703125,
            0.54296875,
            0.57421875,
            0.703125,
            0.640625,
            0.6171875,
            0.0,
            0.56640625,
            0.6015625,
            0.58984375
        ],
        [
            0.9375,
            0.9375,
            0.921875,
            0.70703125,
            0.66796875,
            0.59765625,
            0.5546875,
            0.52734375,
            0.5546875,
            0.65625,
            0.6015625,
            0.578125,
            0.56640625,
            0.0,
            0.55859375,
            0.546875
        ],
        [
            0.9375,
            0.9375,
            0.921875,
            0.71875,
            0.6796875,
            0.61328125,
            0.56640625,
            0.5390625,
            0.5703125,
            0.6953125,
            0.6328125,
            0.609375,
            0.6015625,
            0.55859375,
            0.0,
            0.58203125
        ],
        [
            0.9375,
            0.9375,
            0.921875,
            0.71484375,
            0.67578125,
            0.609375,
            0.5625,
            0.53515625,
            0.56640625,
            0.6796875,
            0.625,
            0.6015625,
            0.58984375,
            0.546875,
            0.58203125,
            0.0
        ]
    ],
    "has_clash": false,
    "disorder": 0.0,
    "ranking_score": 0.9151489734649658,
    "num_recycles": 10
}