{
    "plddt": 92.0,
    "gpde": 0.6542603969573975,
    "ptm": 0.9226904511451721,
    "iptm": 0.9104701280593872,
    "chain_ptm": [
        0.9002345204353333,
        0.9128410816192627,
        0.9322591423988342,
        0.27220258116722107,
        0.27795761823654175,
        0.2784184217453003,
        0.2745797634124756,
        0.267852246761322,
        0.2540205121040344,
        0.0,
        0.0,
        0.0,
        0.0,
        0.0,
        0.0,
        0.0
    ],
    "chain_iptm": [
        0.689258337020874,
        0.6849575042724609,
        0.6263222098350525,
        0.227891206741333,
        0.19784773886203766,
        0.18242597579956055,
        0.16181159019470215,
        0.12158244103193283,
        0.13027547299861908,
        0.28273382782936096,
        0.20771856606006622,
        0.23135852813720703,
        0.16990317404270172,
        0.15435247123241425,
        0.1507195085287094,
        0.15431328117847443
    ],
    "chain_pair_iptm": [
        [
            0.0,
            0.932802677154541,
            0.880267858505249,
            0.8861383199691772,
            0.7720934152603149,
            0.7124653458595276,
            0.6058441400527954,
            0.485293447971344,
            0.554291307926178,
            0.8466212153434753,
            0.6711403727531433,
            0.680427074432373,
            0.5449638366699219,
            0.4638921916484833,
            0.5174316763877869,
            0.4700716435909271
        ],
        [
            0.932802677154541,
            0.0,
            0.878409743309021,
            0.8716841340065002,
            0.7825770974159241,
            0.6843105554580688,
            0.6022170782089233,
            0.5007572174072266,
            0.5462074279785156,
            0.8503170609474182,
            0.6688160300254822,
            0.6976507306098938,
            0.5380942821502686,
            0.4780329465866089,
            0.46112436056137085,
            0.4620552361011505
        ],
        [
            0.880267858505249,
            0.878409743309021,
            0.0,
            0.8178349733352661,
            0.6952456831932068,
            0.6820068359375,
            0.6384310722351074,
            0.393747478723526,
            0.38600221276283264,
            0.7856329679489136,
            0.519038200378418,
            0.6815186142921448,
            0.4268646538257599,
            0.4338824152946472,
            0.369626522064209,
            0.4449554681777954
        ],
        [
            0.8861383199691772,
            0.8716841340065002,
            0.8178349733352661,
            0.0,
            0.0061118751764297485,
            0.005010315217077732,
            0.0023897273931652308,
            0.0009856256656348705,
            0.0008132680086418986,
            0.04461648315191269,
            0.0018630863633006811,
            0.007098853588104248,
            0.001202326500788331,
            0.0014458514051511884,
            0.0006940833991393447,
            0.0026402752846479416
        ],
        [
            0.7720934152603149,
            0.7825770974159241,
            0.6952456831932068,
            0.0061118751764297485,
            0.0,
            0.0018713702447712421,
            0.0020478065125644207,
            0.0032733518164604902,
            0.0013987801503390074,
            0.008153405040502548,
            0.0020841979421675205,
            0.002725748112425208,
            0.0025752864312380552,
            0.002947276458144188,
            0.0010476155439391732,
            0.001725439098663628
        ],
        [
            0.7124653458595276,
            0.6843105554580688,
            0.6820068359375,
            0.005010315217077732,
            0.0018713702447712421,
            0.0,
            0.0017970255576074123,
            0.0005039147799834609,
            0.0005688773235306144,
            0.0036688600666821003,
            0.0012427335605025291,
            0.007675603497773409,
            0.0007428513490594923,
            0.0008476033108308911,
            0.00046839789138175547,
            0.004083063453435898
        ],
        [
            0.6058441400527954,
            0.6022170782089233,
            0.6384310722351074,
            0.0023897273931652308,
            0.0020478065125644207,
            0.0017970255576074123,
            0.0,
            0.0008942359127104282,
            0.000496465596370399,
            0.003172149183228612,
            0.0007926479447633028,
            0.0035605509765446186,
            0.0008405285771004856,
            0.0031574643217027187,
            0.0005372142768464983,
            0.0013711526989936829
        ],
        [
            0.485293447971344,
            0.5007572174072266,
            0.393747478723526,
            0.0009856256656348705,
            0.0032733518164604902,
            0.0005039147799834609,
            0.0008942359127104282,
            0.0,
            0.0018772209296002984,
            0.0013675703667104244,
            0.0016425622161477804,
            0.0008666904759593308,
            0.010279224254190922,
            0.004053731448948383,
            0.002756875241175294,
            0.0007643073913641274
        ],
        [
            0.554291307926178,
            0.5462074279785156,
            0.38600221276283264,
            0.0008132680086418986,
            0.0013987801503390074,
            0.0005688773235306144,
            0.000496465596370399,
            0.0018772209296002984,
            0.0,
            0.0010547745041549206,
            0.002847276395186782,
            0.0007028058171272278,
            0.0035654872190207243,
            0.000912733084987849,
            0.0027887821197509766,
            0.0011530147166922688
        ],
        [
            0.8466212153434753,
            0.8503170609474182,
            0.7856329679489136,
            0.04461648315191269,
            0.008153405040502548,
            0.0036688600666821003,
            0.003172149183228612,
            0.0013675703667104244,
            0.0010547745041549206,
            0.0,
            0.0,
            0.0,
            0.0,
            0.0,
            0.0,
            0.0
        ],
        [
            0.6711403727531433,
            0.6688160300254822,
            0.519038200378418,
            0.0018630863633006811,
            0.0020841979421675205,
            0.0012427335605025291,
            0.0007926479447633028,
            0.0016425622161477804,
            0.002847276395186782,
            0.0,
            0.0,
            0.0,
            0.0,
            0.0,
            0.0,
            0.0
        ],
        [
            0.680427074432373,
            0.6976507306098938,
            0.6815186142921448,
            0.007098853588104248,
            0.002725748112425208,
            0.007675603497773409,
            0.0035605509765446186,
            0.0008666904759593308,
            0.0007028058171272278,
            0.0,
            0.0,
            0.0,
            0.0,
            0.0,
            0.0,
            0.0
        ],
        [
            0.5449638366699219,
            0.5380942821502686,
            0.4268646538257599,
            0.001202326500788331,
            0.0025752864312380552,
            0.0007428513490594923,
            0.0008405285771004856,
            0.010279224254190922,
            0.0035654872190207243,
            0.0,
            0.0,
            0.0,
            0.0,
            0.0,
            0.0,
            0.0
        ],
        [
            0.4638921916484833,
            0.4780329465866089,
            0.4338824152946472,
            0.0014458514051511884,
            0.002947276458144188,
            0.0008476033108308911,
            0.0031574643217027187,
            0.004053731448948383,
            0.000912733084987849,
            0.0,
            0.0,
            0.0,
            0.0,
            0.0,
            0.0,
            0.0
        ],
        [
            0.5174316763877869,
            0.46112436056137085,
            0.369626522064209,
            0.0006940833991393447,
            0.0010476155439391732,
            0.00046839789138175547,
            0.0005372142768464983,
            0.002756875241175294,
            0.0027887821197509766,
            0.0,
            0.0,
            0.0,
            0.0,
            0.0,
            0.0,
            0.0
        ],
        [
            0.4700716435909271,
            0.4620552361011505,
            0.4449554681777954,
            0.0026402752846479416,
            0.001725439098663628,
            0.004083063453435898,
            0.0013711526989936829,
            0.0007643073913641274,
            0.0011530147166922688,
            0.0,
            0.0,
            0.0,
            0.0,
            0.0,
            0.0,
            0.0
        ]
    ],
    "chain_pair_iptm_global": [
        [
            0.0,
            0.6871079206466675,
            0.6577903032302856,
            0.227891206741333,
            0.19784773886203766,
            0.18242597579956055,
            0.16181159019470215,
            0.12158244103193283,
            0.13027547299861908,
            0.28273382782936096,
            0.20771856606006622,
            0.23135852813720703,
            0.16990317404270172,
            0.15435247123241425,
            0.1507195085287094,
            0.15431328117847443
        ],
        [
            0.6871079206466675,
            0.0,
            0.6556398868560791,
            0.227891206741333,
            0.19784773886203766,
            0.18242597579956055,
            0.16181159019470215,
            0.12158244103193283,
            0.13027547299861908,
            0.28273382782936096,
            0.20771856606006622,
            0.23135852813720703,
            0.16990317404270172,
            0.15435247123241425,
            0.1507195085287094,
            0.15431328117847443
        ],
        [
            0.6577903032302856,
            0.6556398868560791,
            0.0,
            0.227891206741333,
            0.19784773886203766,
            0.18242597579956055,
            0.16181159019470215,
            0.12158244103193283,
            0.13027547299861908,
            0.28273382782936096,
            0.20771856606006622,
            0.23135852813720703,
            0.16990317404270172,
            0.15435247123241425,
            0.1507195085287094,
            0.15431328117847443
        ],
        [
            0.227891206741333,
            0.227891206741333,
            0.227891206741333,
            0.0,
            0.227891206741333,
            0.227891206741333,
            0.227891206741333,
            0.227891206741333,
            0.227891206741333,
            0.227891206741333,
            0.227891206741333,
            0.227891206741333,
            0.227891206741333,
            0.227891206741333,
            0.227891206741333,
            0.227891206741333
        ],
        [
            0.19784773886203766,
            0.19784773886203766,
            0.19784773886203766,
            0.19784773886203766,
            0.0,
            0.19784773886203766,
            0.19784773886203766,
            0.19784773886203766,
            0.19784773886203766,
            0.19784773886203766,
            0.19784773886203766,
            0.19784773886203766,
            0.19784773886203766,
            0.19784773886203766,
            0.19784773886203766,
            0.19784773886203766
        ],
        [
            0.18242597579956055,
            0.18242597579956055,
            0.18242597579956055,
            0.18242597579956055,
            0.18242597579956055,
            0.0,
            0.18242597579956055,
            0.18242597579956055,
            0.18242597579956055,
            0.18242597579956055,
            0.18242597579956055,
            0.18242597579956055,
            0.18242597579956055,
            0.18242597579956055,
            0.18242597579956055,
            0.18242597579956055
        ],
        [
            0.16181159019470215,
            0.16181159019470215,
            0.16181159019470215,
            0.16181159019470215,
            0.16181159019470215,
            0.16181159019470215,
            0.0,
            0.16181159019470215,
            0.16181159019470215,
            0.16181159019470215,
            0.16181159019470215,
            0.16181159019470215,
            0.16181159019470215,
            0.16181159019470215,
            0.16181159019470215,
            0.16181159019470215
        ],
        [
            0.12158244103193283,
            0.12158244103193283,
            0.12158244103193283,
            0.12158244103193283,
            0.12158244103193283,
            0.12158244103193283,
            0.12158244103193283,
            0.0,
            0.12158244103193283,
            0.12158244103193283,
            0.12158244103193283,
            0.12158244103193283,
            0.12158244103193283,
            0.12158244103193283,
            0.12158244103193283,
            0.12158244103193283
        ],
        [
            0.13027547299861908,
            0.13027547299861908,
            0.13027547299861908,
            0.13027547299861908,
            0.13027547299861908,
            0.13027547299861908,
            0.13027547299861908,
            0.13027547299861908,
            0.0,
            0.13027547299861908,
            0.13027547299861908,
            0.13027547299861908,
            0.13027547299861908,
            0.13027547299861908,
            0.13027547299861908,
            0.13027547299861908
        ],
        [
            0.28273382782936096,
            0.28273382782936096,
            0.28273382782936096,
            0.28273382782936096,
            0.28273382782936096,
            0.28273382782936096,
            0.28273382782936096,
            0.28273382782936096,
            0.28273382782936096,
            0.0,
            0.28273382782936096,
            0.28273382782936096,
            0.28273382782936096,
            0.28273382782936096,
            0.28273382782936096,
            0.28273382782936096
        ],
        [
            0.20771856606006622,
            0.20771856606006622,
            0.20771856606006622,
            0.20771856606006622,
            0.20771856606006622,
            0.20771856606006622,
            0.20771856606006622,
            0.20771856606006622,
            0.20771856606006622,
            0.20771856606006622,
            0.0,
            0.20771856606006622,
            0.20771856606006622,
            0.20771856606006622,
            0.20771856606006622,
            0.20771856606006622
        ],
        [
            0.23135852813720703,
            0.23135852813720703,
            0.23135852813720703,
            0.23135852813720703,
            0.23135852813720703,
            0.23135852813720703,
            0.23135852813720703,
            0.23135852813720703,
            0.23135852813720703,
            0.23135852813720703,
            0.23135852813720703,
            0.0,
            0.23135852813720703,
            0.23135852813720703,
            0.23135852813720703,
            0.23135852813720703
        ],
        [
            0.16990317404270172,
            0.16990317404270172,
            0.16990317404270172,
            0.16990317404270172,
            0.16990317404270172,
            0.16990317404270172,
            0.16990317404270172,
            0.16990317404270172,
            0.16990317404270172,
            0.16990317404270172,
            0.16990317404270172,
            0.16990317404270172,
            0.0,
            0.16990317404270172,
            0.16990317404270172,
            0.16990317404270172
        ],
        [
            0.15435247123241425,
            0.15435247123241425,
            0.15435247123241425,
            0.15435247123241425,
            0.15435247123241425,
            0.15435247123241425,
            0.15435247123241425,
            0.15435247123241425,
            0.15435247123241425,
            0.15435247123241425,
            0.15435247123241425,
            0.15435247123241425,
            0.15435247123241425,
            0.0,
            0.15435247123241425,
            0.15435247123241425
        ],
        [
            0.1507195085287094,
            0.1507195085287094,
            0.1507195085287094,
            0.1507195085287094,
            0.1507195085287094,
            0.1507195085287094,
            0.1507195085287094,
            0.1507195085287094,
            0.1507195085287094,
            0.1507195085287094,
            0.1507195085287094,
            0.1507195085287094,
            0.1507195085287094,
            0.1507195085287094,
            0.0,
            0.1507195085287094
        ],
        [
            0.15431328117847443,
            0.15431328117847443,
            0.15431328117847443,
            0.15431328117847443,
            0.15431328117847443,
            0.15431328117847443,
            0.15431328117847443,
            0.15431328117847443,
            0.15431328117847443,
            0.15431328117847443,
            0.15431328117847443,
            0.15431328117847443,
            0.15431328117847443,
            0.15431328117847443,
            0.15431328117847443,
            0.0
        ]
    ],
    "chain_plddt": [
        0.92578125,
        0.9296875,
        0.91015625,
        0.765625,
        0.703125,
        0.6484375,
        0.6328125,
        0.6015625,
        0.6328125,
        0.8046875,
        0.7109375,
        0.66796875,
        0.66015625,
        0.59375,
        0.65625,
        0.64453125
    ],
    "chain_pair_plddt": [
        [
            0.0,
            0.92578125,
            0.91796875,
            0.92578125,
            0.92578125,
            0.92578125,
            0.92578125,
            0.92578125,
            0.92578125,
            0.92578125,
            0.92578125,
            0.92578125,
            0.92578125,
            0.92578125,
            0.92578125,
            0.92578125
        ],
        [
            0.92578125,
            0.0,
            0.91796875,
            0.9296875,
            0.92578125,
            0.92578125,
            0.92578125,
            0.92578125,
            0.92578125,
            0.9296875,
            0.9296875,
            0.9296875,
            0.9296875,
            0.9296875,
            0.9296875,
            0.9296875
        ],
        [
            0.91796875,
            0.91796875,
            0.0,
            0.91015625,
            0.91015625,
            0.91015625,
            0.91015625,
            0.91015625,
            0.91015625,
            0.91015625,
            0.91015625,
            0.91015625,
            0.91015625,
            0.91015625,
            0.91015625,
            0.91015625
        ],
        [
            0.92578125,
            0.9296875,
            0.91015625,
            0.0,
            0.734375,
            0.70703125,
            0.69921875,
            0.68359375,
            0.69921875,
            0.7734375,
            0.75390625,
            0.74609375,
            0.74609375,
            0.73046875,
            0.74609375,
            0.7421875
        ],
        [
            0.92578125,
            0.92578125,
            0.91015625,
            0.734375,
            0.0,
            0.67578125,
            0.66796875,
            0.65234375,
            0.66796875,
            0.72265625,
            0.703125,
            0.6953125,
            0.69140625,
            0.6796875,
            0.69140625,
            0.69140625
        ],
        [
            0.92578125,
            0.92578125,
            0.91015625,
            0.70703125,
            0.67578125,
            0.0,
            0.640625,
            0.625,
            0.640625,
            0.6796875,
            0.66015625,
            0.65234375,
            0.6484375,
            0.63671875,
            0.6484375,
            0.6484375
        ],
        [
            0.92578125,
            0.92578125,
            0.91015625,
            0.69921875,
            0.66796875,
            0.640625,
            0.0,
            0.6171875,
            0.6328125,
            0.66796875,
            0.6484375,
            0.640625,
            0.640625,
            0.625,
            0.640625,
            0.63671875
        ],
        [
            0.92578125,
            0.92578125,
            0.91015625,
            0.68359375,
            0.65234375,
            0.625,
            0.6171875,
            0.0,
            0.6171875,
            0.64453125,
            0.625,
            0.6171875,
            0.61328125,
            0.6015625,
            0.61328125,
            0.61328125
        ],
        [
            0.92578125,
            0.92578125,
            0.91015625,
            0.69921875,
            0.66796875,
            0.640625,
            0.6328125,
            0.6171875,
            0.0,
            0.66796875,
            0.6484375,
            0.640625,
            0.63671875,
            0.625,
            0.63671875,
            0.63671875
        ],
        [
            0.92578125,
            0.9296875,
            0.91015625,
            0.7734375,
            0.72265625,
            0.6796875,
            0.66796875,
            0.64453125,
            0.66796875,
            0.0,
            0.7578125,
            0.734375,
            0.734375,
            0.69921875,
            0.73046875,
            0.7265625
        ],
        [
            0.92578125,
            0.9296875,
            0.91015625,
            0.75390625,
            0.703125,
            0.66015625,
            0.6484375,
            0.625,
            0.6484375,
            0.7578125,
            0.0,
            0.6875,
            0.6875,
            0.65234375,
            0.68359375,
            0.6796875
        ],
        [
            0.92578125,
            0.9296875,
            0.91015625,
            0.74609375,
            0.6953125,
            0.65234375,
            0.640625,
            0.6171875,
            0.640625,
            0.734375,
            0.6875,
            0.0,
            0.6640625,
            0.6328125,
            0.6640625,
            0.65625
        ],
        [
            0.92578125,
            0.9296875,
            0.91015625,
            0.74609375,
            0.69140625,
            0.6484375,
            0.640625,
            0.61328125,
            0.63671875,
            0.734375,
            0.6875,
            0.6640625,
            0.0,
            0.625,
            0.65625,
            0.65234375
        ],
        [
            0.92578125,
            0.9296875,
            0.91015625,
            0.73046875,
            0.6796875,
            0.63671875,
            0.625,
            0.6015625,
            0.625,
            0.69921875,
            0.65234375,
            0.6328125,
            0.625,
            0.0,
            0.625,
            0.6171875
        ],
        [
            0.92578125,
            0.9296875,
            0.91015625,
            0.74609375,
            0.69140625,
            0.6484375,
            0.640625,
            0.61328125,
            0.63671875,
            0.73046875,
            0.68359375,
            0.6640625,
            0.65625,
            0.625,
            0.0,
            0.6484375
        ],
        [
            0.92578125,
            0.9296875,
            0.91015625,
            0.7421875,
            0.69140625,
            0.6484375,
            0.63671875,
            0.61328125,
            0.63671875,
            0.7265625,
            0.6796875,
            0.65625,
            0.65234375,
            0.6171875,
            0.6484375,
            0.0
        ]
    ],
    "has_clash": false,
    "disorder": 0.0,
    "ranking_score": 0.9129141569137573,
    "num_recycles": 10
}