{
    "plddt": 92.5,
    "gpde": 0.6523377299308777,
    "ptm": 0.9209985733032227,
    "iptm": 0.9080990552902222,
    "chain_ptm": [
        0.9030771255493164,
        0.9102799296379089,
        0.9327896237373352,
        0.27325159311294556,
        0.2789483070373535,
        0.28079086542129517,
        0.27701419591903687,
        0.2745112180709839,
        0.2608835697174072,
        0.0,
        0.0,
        0.0,
        0.0,
        0.0,
        0.0,
        0.0
    ],
    "chain_iptm": [
        0.6889797449111938,
        0.68367600440979,
        0.599414587020874,
        0.22579325735569,
        0.19044089317321777,
        0.1837153285741806,
        0.15242798626422882,
        0.13064797222614288,
        0.12279575318098068,
        0.2788281738758087,
        0.20212213695049286,
        0.22319237887859344,
        0.18673546612262726,
        0.1497826725244522,
        0.13711245357990265,
        0.14297975599765778
    ],
    "chain_pair_iptm": [
        [
            0.0,
            0.9320917725563049,
            0.8749253749847412,
            0.881675124168396,
            0.7569069862365723,
            0.7196821570396423,
            0.6401158571243286,
            0.5525131821632385,
            0.48535406589508057,
            0.8446258902549744,
            0.6454028487205505,
            0.6749823093414307,
            0.5777825713157654,
            0.4872218370437622,
            0.4631537199020386,
            0.4668351709842682
        ],
        [
            0.9320917725563049,
            0.0,
            0.8710460662841797,
            0.8664968013763428,
            0.7350893616676331,
            0.6979961395263672,
            0.6288520097732544,
            0.5634503364562988,
            0.4993634521961212,
            0.8431322574615479,
            0.6487376689910889,
            0.6598708033561707,
            0.5853874683380127,
            0.48287537693977356,
            0.4433862864971161,
            0.47238636016845703
        ],
        [
            0.8749253749847412,
            0.8710460662841797,
            0.0,
            0.8113430738449097,
            0.6746365427970886,
            0.6804300546646118,
            0.46840161085128784,
            0.3748929500579834,
            0.4062299132347107,
            0.77346271276474,
            0.5086048245429993,
            0.6572893261909485,
            0.5049583315849304,
            0.3630343973636627,
            0.3202687203884125,
            0.33510592579841614
        ],
        [
            0.881675124168396,
            0.8664968013763428,
            0.8113430738449097,
            0.0,
            0.006007996387779713,
            0.003844587132334709,
            0.0010740170255303383,
            0.0007561218808405101,
            0.002172265201807022,
            0.03428719937801361,
            0.001614991808310151,
            0.006713353097438812,
            0.0016324465395882726,
            0.0010461010970175266,
            0.0006070035160519183,
            0.0006042729364708066
        ],
        [
            0.7569069862365723,
            0.7350893616676331,
            0.6746365427970886,
            0.006007996387779713,
            0.0,
            0.0026556160300970078,
            0.0013961450895294547,
            0.0009882372105494142,
            0.004103747196495533,
            0.005723127163946629,
            0.0028714800719171762,
            0.0022235503420233727,
            0.0023597716353833675,
            0.0017805987736210227,
            0.0008508977480232716,
            0.0007616145303472877
        ],
        [
            0.7196821570396423,
            0.6979961395263672,
            0.6804300546646118,
            0.003844587132334709,
            0.0026556160300970078,
            0.0,
            0.0007488977862522006,
            0.0005104393931105733,
            0.0007441794732585549,
            0.0033944908063858747,
            0.001056912587955594,
            0.005060602445155382,
            0.0010591960744932294,
            0.0007247080211527646,
            0.00046098107122816145,
            0.00047144724521785975
        ],
        [
            0.6401158571243286,
            0.6288520097732544,
            0.46840161085128784,
            0.0010740170255303383,
            0.0013961450895294547,
            0.0007488977862522006,
            0.0,
            0.0023715761490166187,
            0.0010809458326548338,
            0.000943455845117569,
            0.002646275097504258,
            0.0006663296953774989,
            0.0005680369795300066,
            0.003570535685867071,
            0.0027927171904593706,
            0.006574103143066168
        ],
        [
            0.5525131821632385,
            0.5634503364562988,
            0.3748929500579834,
            0.0007561218808405101,
            0.0009882372105494142,
            0.0005104393931105733,
            0.0023715761490166187,
            0.0,
            0.001234225695952773,
            0.0008000309462659061,
            0.0019211814505979419,
            0.0005644012126140296,
            0.0005227875662967563,
            0.0036567437928169966,
            0.0012024942552670836,
            0.002801706548780203
        ],
        [
            0.48535406589508057,
            0.4993634521961212,
            0.4062299132347107,
            0.002172265201807022,
            0.004103747196495533,
            0.0007441794732585549,
            0.0010809458326548338,
            0.001234225695952773,
            0.0,
            0.0030843717977404594,
            0.006243035662919283,
            0.0013606698485091329,
            0.006348373834043741,
            0.004133753012865782,
            0.0012892017839476466,
            0.0012771524488925934
        ],
        [
            0.8446258902549744,
            0.8431322574615479,
            0.77346271276474,
            0.03428719937801361,
            0.005723127163946629,
            0.0033944908063858747,
            0.000943455845117569,
            0.0008000309462659061,
            0.0030843717977404594,
            0.0,
            0.0,
            0.0,
            0.0,
            0.0,
            0.0,
            0.0
        ],
        [
            0.6454028487205505,
            0.6487376689910889,
            0.5086048245429993,
            0.001614991808310151,
            0.0028714800719171762,
            0.001056912587955594,
            0.002646275097504258,
            0.0019211814505979419,
            0.006243035662919283,
            0.0,
            0.0,
            0.0,
            0.0,
            0.0,
            0.0,
            0.0
        ],
        [
            0.6749823093414307,
            0.6598708033561707,
            0.6572893261909485,
            0.006713353097438812,
            0.0022235503420233727,
            0.005060602445155382,
            0.0006663296953774989,
            0.0005644012126140296,
            0.0013606698485091329,
            0.0,
            0.0,
            0.0,
            0.0,
            0.0,
            0.0,
            0.0
        ],
        [
            0.5777825713157654,
            0.5853874683380127,
            0.5049583315849304,
            0.0016324465395882726,
            0.0023597716353833675,
            0.0010591960744932294,
            0.0005680369795300066,
            0.0005227875662967563,
            0.006348373834043741,
            0.0,
            0.0,
            0.0,
            0.0,
            0.0,
            0.0,
            0.0
        ],
        [
            0.4872218370437622,
            0.48287537693977356,
            0.3630343973636627,
            0.0010461010970175266,
            0.0017805987736210227,
            0.0007247080211527646,
            0.003570535685867071,
            0.0036567437928169966,
            0.004133753012865782,
            0.0,
            0.0,
            0.0,
            0.0,
            0.0,
            0.0,
            0.0
        ],
        [
            0.4631537199020386,
            0.4433862864971161,
            0.3202687203884125,
            0.0006070035160519183,
            0.0008508977480232716,
            0.00046098107122816145,
            0.0027927171904593706,
            0.0012024942552670836,
            0.0012892017839476466,
            0.0,
            0.0,
            0.0,
            0.0,
            0.0,
            0.0,
            0.0
        ],
        [
            0.4668351709842682,
            0.47238636016845703,
            0.33510592579841614,
            0.0006042729364708066,
            0.0007616145303472877,
            0.00047144724521785975,
            0.006574103143066168,
            0.002801706548780203,
            0.0012771524488925934,
            0.0,
            0.0,
            0.0,
            0.0,
            0.0,
            0.0,
            0.0
        ]
    ],
    "chain_pair_iptm_global": [
        [
            0.0,
            0.6863278746604919,
            0.6441971659660339,
            0.22579325735569,
            0.19044089317321777,
            0.1837153285741806,
            0.15242798626422882,
            0.13064797222614288,
            0.12279575318098068,
            0.2788281738758087,
            0.20212213695049286,
            0.22319237887859344,
            0.18673546612262726,
            0.1497826725244522,
            0.13711245357990265,
            0.14297975599765778
        ],
        [
            0.6863278746604919,
            0.0,
            0.641545295715332,
            0.22579325735569,
            0.19044089317321777,
            0.1837153285741806,
            0.15242798626422882,
            0.13064797222614288,
            0.12279575318098068,
            0.2788281738758087,
            0.20212213695049286,
            0.22319237887859344,
            0.18673546612262726,
            0.1497826725244522,
            0.13711245357990265,
            0.14297975599765778
        ],
        [
            0.6441971659660339,
            0.641545295715332,
            0.0,
            0.22579325735569,
            0.19044089317321777,
            0.1837153285741806,
            0.15242798626422882,
            0.13064797222614288,
            0.12279575318098068,
            0.2788281738758087,
            0.20212213695049286,
            0.22319237887859344,
            0.18673546612262726,
            0.1497826725244522,
            0.13711245357990265,
            0.14297975599765778
        ],
        [
            0.22579325735569,
            0.22579325735569,
            0.22579325735569,
            0.0,
            0.22579325735569,
            0.22579325735569,
            0.22579325735569,
            0.22579325735569,
            0.22579325735569,
            0.22579325735569,
            0.22579325735569,
            0.22579325735569,
            0.22579325735569,
            0.22579325735569,
            0.22579325735569,
            0.22579325735569
        ],
        [
            0.19044089317321777,
            0.19044089317321777,
            0.19044089317321777,
            0.19044089317321777,
            0.0,
            0.19044089317321777,
            0.19044089317321777,
            0.19044089317321777,
            0.19044089317321777,
            0.19044089317321777,
            0.19044089317321777,
            0.19044089317321777,
            0.19044089317321777,
            0.19044089317321777,
            0.19044089317321777,
            0.19044089317321777
        ],
        [
            0.1837153285741806,
            0.1837153285741806,
            0.1837153285741806,
            0.1837153285741806,
            0.1837153285741806,
            0.0,
            0.1837153285741806,
            0.1837153285741806,
            0.1837153285741806,
            0.1837153285741806,
            0.1837153285741806,
            0.1837153285741806,
            0.1837153285741806,
            0.1837153285741806,
            0.1837153285741806,
            0.1837153285741806
        ],
        [
            0.15242798626422882,
            0.15242798626422882,
            0.15242798626422882,
            0.15242798626422882,
            0.15242798626422882,
            0.15242798626422882,
            0.0,
            0.15242798626422882,
            0.15242798626422882,
            0.15242798626422882,
            0.15242798626422882,
            0.15242798626422882,
            0.15242798626422882,
            0.15242798626422882,
            0.15242798626422882,
            0.15242798626422882
        ],
        [
            0.13064797222614288,
            0.13064797222614288,
            0.13064797222614288,
            0.13064797222614288,
            0.13064797222614288,
            0.13064797222614288,
            0.13064797222614288,
            0.0,
            0.13064797222614288,
            0.13064797222614288,
            0.13064797222614288,
            0.13064797222614288,
            0.13064797222614288,
            0.13064797222614288,
            0.13064797222614288,
            0.13064797222614288
        ],
        [
            0.12279575318098068,
            0.12279575318098068,
            0.12279575318098068,
            0.12279575318098068,
            0.12279575318098068,
            0.12279575318098068,
            0.12279575318098068,
            0.12279575318098068,
            0.0,
            0.12279575318098068,
            0.12279575318098068,
            0.12279575318098068,
            0.12279575318098068,
            0.12279575318098068,
            0.12279575318098068,
            0.12279575318098068
        ],
        [
            0.2788281738758087,
            0.2788281738758087,
            0.2788281738758087,
            0.2788281738758087,
            0.2788281738758087,
            0.2788281738758087,
            0.2788281738758087,
            0.2788281738758087,
            0.2788281738758087,
            0.0,
            0.2788281738758087,
            0.2788281738758087,
            0.2788281738758087,
            0.2788281738758087,
            0.2788281738758087,
            0.2788281738758087
        ],
        [
            0.20212213695049286,
            0.20212213695049286,
            0.20212213695049286,
            0.20212213695049286,
            0.20212213695049286,
            0.20212213695049286,
            0.20212213695049286,
            0.20212213695049286,
            0.20212213695049286,
            0.20212213695049286,
            0.0,
            0.20212213695049286,
            0.20212213695049286,
            0.20212213695049286,
            0.20212213695049286,
            0.20212213695049286
        ],
        [
            0.22319237887859344,
            0.22319237887859344,
            0.22319237887859344,
            0.22319237887859344,
            0.22319237887859344,
            0.22319237887859344,
            0.22319237887859344,
            0.22319237887859344,
            0.22319237887859344,
            0.22319237887859344,
            0.22319237887859344,
            0.0,
            0.22319237887859344,
            0.22319237887859344,
            0.22319237887859344,
            0.22319237887859344
        ],
        [
            0.18673546612262726,
            0.18673546612262726,
            0.18673546612262726,
            0.18673546612262726,
            0.18673546612262726,
            0.18673546612262726,
            0.18673546612262726,
            0.18673546612262726,
            0.18673546612262726,
            0.18673546612262726,
            0.18673546612262726,
            0.18673546612262726,
            0.0,
            0.18673546612262726,
            0.18673546612262726,
            0.18673546612262726
        ],
        [
            0.1497826725244522,
            0.1497826725244522,
            0.1497826725244522,
            0.1497826725244522,
            0.1497826725244522,
            0.1497826725244522,
            0.1497826725244522,
            0.1497826725244522,
            0.1497826725244522,
            0.1497826725244522,
            0.1497826725244522,
            0.1497826725244522,
            0.1497826725244522,
            0.0,
            0.1497826725244522,
            0.1497826725244522
        ],
        [
            0.13711245357990265,
            0.13711245357990265,
            0.13711245357990265,
            0.13711245357990265,
            0.13711245357990265,
            0.13711245357990265,
            0.13711245357990265,
            0.13711245357990265,
            0.13711245357990265,
            0.13711245357990265,
            0.13711245357990265,
            0.13711245357990265,
            0.13711245357990265,
            0.13711245357990265,
            0.0,
            0.13711245357990265
        ],
        [
            0.14297975599765778,
            0.14297975599765778,
            0.14297975599765778,
            0.14297975599765778,
            0.14297975599765778,
            0.14297975599765778,
            0.14297975599765778,
            0.14297975599765778,
            0.14297975599765778,
            0.14297975599765778,
            0.14297975599765778,
            0.14297975599765778,
            0.14297975599765778,
            0.14297975599765778,
            0.14297975599765778,
            0.0
        ]
    ],
    "chain_plddt": [
        0.9296875,
        0.93359375,
        0.91796875,
        0.76171875,
        0.69140625,
        0.63671875,
        0.61328125,
        0.58203125,
        0.6015625,
        0.8046875,
        0.69140625,
        0.65234375,
        0.65234375,
        0.5625,
        0.6328125,
        0.6171875
    ],
    "chain_pair_plddt": [
        [
            0.0,
            0.93359375,
            0.921875,
            0.9296875,
            0.9296875,
            0.9296875,
            0.9296875,
            0.9296875,
            0.9296875,
            0.9296875,
            0.9296875,
            0.9296875,
            0.9296875,
            0.9296875,
            0.9296875,
            0.9296875
        ],
        [
            0.93359375,
            0.0,
            0.92578125,
            0.93359375,
            0.93359375,
            0.93359375,
            0.93359375,
            0.93359375,
            0.93359375,
            0.93359375,
            0.93359375,
            0.93359375,
            0.93359375,
            0.93359375,
            0.93359375,
            0.93359375
        ],
        [
            0.921875,
            0.92578125,
            0.0,
            0.9140625,
            0.9140625,
            0.9140625,
            0.9140625,
            0.9140625,
            0.9140625,
            0.91796875,
            0.91796875,
            0.91796875,
            0.91796875,
            0.91796875,
            0.91796875,
            0.91796875
        ],
        [
            0.9296875,
            0.93359375,
            0.9140625,
            0.0,
            0.7265625,
            0.69921875,
            0.6875,
            0.671875,
            0.6796875,
            0.76953125,
            0.74609375,
            0.73828125,
            0.73828125,
            0.72265625,
            0.734375,
            0.73046875
        ],
        [
            0.9296875,
            0.93359375,
            0.9140625,
            0.7265625,
            0.0,
            0.6640625,
            0.65234375,
            0.63671875,
            0.64453125,
            0.71484375,
            0.69140625,
            0.68359375,
            0.68359375,
            0.66796875,
            0.6796875,
            0.67578125
        ],
        [
            0.9296875,
            0.93359375,
            0.9140625,
            0.69921875,
            0.6640625,
            0.0,
            0.625,
            0.609375,
            0.6171875,
            0.671875,
            0.6484375,
            0.640625,
            0.640625,
            0.62109375,
            0.63671875,
            0.6328125
        ],
        [
            0.9296875,
            0.93359375,
            0.9140625,
            0.6875,
            0.65234375,
            0.625,
            0.0,
            0.59765625,
            0.60546875,
            0.65234375,
            0.62890625,
            0.62109375,
            0.62109375,
            0.6015625,
            0.6171875,
            0.61328125
        ],
        [
            0.9296875,
            0.93359375,
            0.9140625,
            0.671875,
            0.63671875,
            0.609375,
            0.59765625,
            0.0,
            0.58984375,
            0.625,
            0.6015625,
            0.59375,
            0.59375,
            0.578125,
            0.58984375,
            0.58984375
        ],
        [
            0.9296875,
            0.93359375,
            0.9140625,
            0.6796875,
            0.64453125,
            0.6171875,
            0.60546875,
            0.58984375,
            0.0,
            0.640625,
            0.6171875,
            0.609375,
            0.609375,
            0.59375,
            0.60546875,
            0.6015625
        ],
        [
            0.9296875,
            0.93359375,
            0.91796875,
            0.76953125,
            0.71484375,
            0.671875,
            0.65234375,
            0.625,
            0.640625,
            0.0,
            0.75,
            0.7265625,
            0.7265625,
            0.68359375,
            0.71875,
            0.7109375
        ],
        [
            0.9296875,
            0.93359375,
            0.91796875,
            0.74609375,
            0.69140625,
            0.6484375,
            0.62890625,
            0.6015625,
            0.6171875,
            0.75,
            0.0,
            0.671875,
            0.671875,
            0.625,
            0.6640625,
            0.65625
        ],
        [
            0.9296875,
            0.93359375,
            0.91796875,
            0.73828125,
            0.68359375,
            0.640625,
            0.62109375,
            0.59375,
            0.609375,
            0.7265625,
            0.671875,
            0.0,
            0.65234375,
            0.609375,
            0.640625,
            0.6328125
        ],
        [
            0.9296875,
            0.93359375,
            0.91796875,
            0.73828125,
            0.68359375,
            0.640625,
            0.62109375,
            0.59375,
            0.609375,
            0.7265625,
            0.671875,
            0.65234375,
            0.0,
            0.609375,
            0.640625,
            0.6328125
        ],
        [
            0.9296875,
            0.93359375,
            0.91796875,
            0.72265625,
            0.66796875,
            0.62109375,
            0.6015625,
            0.578125,
            0.59375,
            0.68359375,
            0.625,
            0.609375,
            0.609375,
            0.0,
            0.59765625,
            0.58984375
        ],
        [
            0.9296875,
            0.93359375,
            0.91796875,
            0.734375,
            0.6796875,
            0.63671875,
            0.6171875,
            0.58984375,
            0.60546875,
            0.71875,
            0.6640625,
            0.640625,
            0.640625,
            0.59765625,
            0.0,
            0.625
        ],
        [
            0.9296875,
            0.93359375,
            0.91796875,
            0.73046875,
            0.67578125,
            0.6328125,
            0.61328125,
            0.58984375,
            0.6015625,
            0.7109375,
            0.65625,
            0.6328125,
            0.6328125,
            0.58984375,
            0.625,
            0.0
        ]
    ],
    "has_clash": false,
    "disorder": 0.0,
    "ranking_score": 0.9106789827346802,
    "num_recycles": 10
}