{
    "plddt": 93.0,
    "gpde": 0.6462286710739136,
    "ptm": 0.9301869869232178,
    "iptm": 0.9174389243125916,
    "chain_ptm": [
        0.9159338474273682,
        0.9199357628822327,
        0.9348881840705872,
        0.27411097288131714,
        0.27852731943130493,
        0.28123152256011963,
        0.2806966304779053,
        0.2714327871799469,
        0.257298082113266,
        0.0,
        0.0,
        0.0,
        0.0,
        0.0,
        0.0,
        0.0
    ],
    "chain_iptm": [
        0.6996423602104187,
        0.7006487846374512,
        0.6353315114974976,
        0.2308865487575531,
        0.2068403959274292,
        0.19022341072559357,
        0.15528567135334015,
        0.13274525105953217,
        0.14867499470710754,
        0.28836002945899963,
        0.2356746792793274,
        0.21003419160842896,
        0.18029555678367615,
        0.16138602793216705,
        0.1462877243757248,
        0.13454550504684448
    ],
    "chain_pair_iptm": [
        [
            0.0,
            0.9405603408813477,
            0.8835229277610779,
            0.8890495300292969,
            0.7950719594955444,
            0.7201682925224304,
            0.6073144674301147,
            0.5140930414199829,
            0.6242913007736206,
            0.8531373143196106,
            0.7054221034049988,
            0.6257150769233704,
            0.5697026252746582,
            0.4924635887145996,
            0.4878808259963989,
            0.40930843353271484
        ],
        [
            0.9405603408813477,
            0.0,
            0.8827222585678101,
            0.8737851977348328,
            0.8042459487915039,
            0.7159600257873535,
            0.5908634066581726,
            0.5380677580833435,
            0.6229695081710815,
            0.8582724928855896,
            0.698947012424469,
            0.6369053721427917,
            0.575212299823761,
            0.511053204536438,
            0.4741028845310211,
            0.422077476978302
        ],
        [
            0.8835229277610779,
            0.8827222585678101,
            0.0,
            0.8315463066101074,
            0.728678822517395,
            0.7206609845161438,
            0.5351610779762268,
            0.44070878624916077,
            0.44889330863952637,
            0.8007177710533142,
            0.6970834136009216,
            0.5744802951812744,
            0.45626771450042725,
            0.4288979768753052,
            0.34488534927368164,
            0.36650350689888
        ],
        [
            0.8890495300292969,
            0.8737851977348328,
            0.8315463066101074,
            0.0,
            0.007379587739706039,
            0.011266718618571758,
            0.005107544828206301,
            0.0018070642836391926,
            0.0009814453078433871,
            0.05282687768340111,
            0.004353238269686699,
            0.006202403921633959,
            0.0014359839260578156,
            0.0016190949827432632,
            0.000787639117334038,
            0.0013185172574594617
        ],
        [
            0.7950719594955444,
            0.8042459487915039,
            0.728678822517395,
            0.007379587739706039,
            0.0,
            0.0032354388386011124,
            0.012620293535292149,
            0.008222387172281742,
            0.001597799826413393,
            0.010822033509612083,
            0.0025667438749223948,
            0.01062173955142498,
            0.003181361360475421,
            0.0039688399992883205,
            0.0012937296414747834,
            0.002770393854007125
        ],
        [
            0.7201682925224304,
            0.7159600257873535,
            0.7206609845161438,
            0.011266718618571758,
            0.0032354388386011124,
            0.0,
            0.0029792124405503273,
            0.0010170141467824578,
            0.000670239154715091,
            0.007748797070235014,
            0.007726448588073254,
            0.0036497535184025764,
            0.0010897951433435082,
            0.0013523553498089314,
            0.0005833107861690223,
            0.001071561360731721
        ],
        [
            0.6073144674301147,
            0.5908634066581726,
            0.5351610779762268,
            0.005107544828206301,
            0.012620293535292149,
            0.0029792124405503273,
            0.0,
            0.0050615002401173115,
            0.0018465258181095123,
            0.0076516116969287395,
            0.0029917657375335693,
            0.026212433353066444,
            0.004371186718344688,
            0.004355944227427244,
            0.0015379766700789332,
            0.0025414691772311926
        ],
        [
            0.5140930414199829,
            0.5380677580833435,
            0.44070878624916077,
            0.0018070642836391926,
            0.008222387172281742,
            0.0010170141467824578,
            0.0050615002401173115,
            0.0,
            0.002161677461117506,
            0.0029313466511666775,
            0.0012210430577397346,
            0.004396171774715185,
            0.007141598034650087,
            0.00786516536027193,
            0.0026610700879245996,
            0.004645499866455793
        ],
        [
            0.6242913007736206,
            0.6229695081710815,
            0.44889330863952637,
            0.0009814453078433871,
            0.001597799826413393,
            0.000670239154715091,
            0.0018465258181095123,
            0.002161677461117506,
            0.0,
            0.0011317788157612085,
            0.000760333554353565,
            0.0021243197843432426,
            0.004257522523403168,
            0.0008980107959359884,
            0.0028567083645612,
            0.0006726584397256374
        ],
        [
            0.8531373143196106,
            0.8582724928855896,
            0.8007177710533142,
            0.05282687768340111,
            0.010822033509612083,
            0.007748797070235014,
            0.0076516116969287395,
            0.0029313466511666775,
            0.0011317788157612085,
            0.0,
            0.0,
            0.0,
            0.0,
            0.0,
            0.0,
            0.0
        ],
        [
            0.7054221034049988,
            0.698947012424469,
            0.6970834136009216,
            0.004353238269686699,
            0.0025667438749223948,
            0.007726448588073254,
            0.0029917657375335693,
            0.0012210430577397346,
            0.000760333554353565,
            0.0,
            0.0,
            0.0,
            0.0,
            0.0,
            0.0,
            0.0
        ],
        [
            0.6257150769233704,
            0.6369053721427917,
            0.5744802951812744,
            0.006202403921633959,
            0.01062173955142498,
            0.0036497535184025764,
            0.026212433353066444,
            0.004396171774715185,
            0.0021243197843432426,
            0.0,
            0.0,
            0.0,
            0.0,
            0.0,
            0.0,
            0.0
        ],
        [
            0.5697026252746582,
            0.575212299823761,
            0.45626771450042725,
            0.0014359839260578156,
            0.003181361360475421,
            0.0010897951433435082,
            0.004371186718344688,
            0.007141598034650087,
            0.004257522523403168,
            0.0,
            0.0,
            0.0,
            0.0,
            0.0,
            0.0,
            0.0
        ],
        [
            0.4924635887145996,
            0.511053204536438,
            0.4288979768753052,
            0.0016190949827432632,
            0.0039688399992883205,
            0.0013523553498089314,
            0.004355944227427244,
            0.00786516536027193,
            0.0008980107959359884,
            0.0,
            0.0,
            0.0,
            0.0,
            0.0,
            0.0,
            0.0
        ],
        [
            0.4878808259963989,
            0.4741028845310211,
            0.34488534927368164,
            0.000787639117334038,
            0.0012937296414747834,
            0.0005833107861690223,
            0.0015379766700789332,
            0.0026610700879245996,
            0.0028567083645612,
            0.0,
            0.0,
            0.0,
            0.0,
            0.0,
            0.0,
            0.0
        ],
        [
            0.40930843353271484,
            0.422077476978302,
            0.36650350689888,
            0.0013185172574594617,
            0.002770393854007125,
            0.001071561360731721,
            0.0025414691772311926,
            0.004645499866455793,
            0.0006726584397256374,
            0.0,
            0.0,
            0.0,
            0.0,
            0.0,
            0.0,
            0.0
        ]
    ],
    "chain_pair_iptm_global": [
        [
            0.0,
            0.7001456022262573,
            0.6674869060516357,
            0.2308865487575531,
            0.2068403959274292,
            0.19022341072559357,
            0.15528567135334015,
            0.13274525105953217,
            0.14867499470710754,
            0.28836002945899963,
            0.2356746792793274,
            0.21003419160842896,
            0.18029555678367615,
            0.16138602793216705,
            0.1462877243757248,
            0.13454550504684448
        ],
        [
            0.7001456022262573,
            0.0,
            0.6679901480674744,
            0.2308865487575531,
            0.2068403959274292,
            0.19022341072559357,
            0.15528567135334015,
            0.13274525105953217,
            0.14867499470710754,
            0.28836002945899963,
            0.2356746792793274,
            0.21003419160842896,
            0.18029555678367615,
            0.16138602793216705,
            0.1462877243757248,
            0.13454550504684448
        ],
        [
            0.6674869060516357,
            0.6679901480674744,
            0.0,
            0.2308865487575531,
            0.2068403959274292,
            0.19022341072559357,
            0.15528567135334015,
            0.13274525105953217,
            0.14867499470710754,
            0.28836002945899963,
            0.2356746792793274,
            0.21003419160842896,
            0.18029555678367615,
            0.16138602793216705,
            0.1462877243757248,
            0.13454550504684448
        ],
        [
            0.2308865487575531,
            0.2308865487575531,
            0.2308865487575531,
            0.0,
            0.2308865487575531,
            0.2308865487575531,
            0.2308865487575531,
            0.2308865487575531,
            0.2308865487575531,
            0.2308865487575531,
            0.2308865487575531,
            0.2308865487575531,
            0.2308865487575531,
            0.2308865487575531,
            0.2308865487575531,
            0.2308865487575531
        ],
        [
            0.2068403959274292,
            0.2068403959274292,
            0.2068403959274292,
            0.2068403959274292,
            0.0,
            0.2068403959274292,
            0.2068403959274292,
            0.2068403959274292,
            0.2068403959274292,
            0.2068403959274292,
            0.2068403959274292,
            0.2068403959274292,
            0.2068403959274292,
            0.2068403959274292,
            0.2068403959274292,
            0.2068403959274292
        ],
        [
            0.19022341072559357,
            0.19022341072559357,
            0.19022341072559357,
            0.19022341072559357,
            0.19022341072559357,
            0.0,
            0.19022341072559357,
            0.19022341072559357,
            0.19022341072559357,
            0.19022341072559357,
            0.19022341072559357,
            0.19022341072559357,
            0.19022341072559357,
            0.19022341072559357,
            0.19022341072559357,
            0.19022341072559357
        ],
        [
            0.15528567135334015,
            0.15528567135334015,
            0.15528567135334015,
            0.15528567135334015,
            0.15528567135334015,
            0.15528567135334015,
            0.0,
            0.15528567135334015,
            0.15528567135334015,
            0.15528567135334015,
            0.15528567135334015,
            0.15528567135334015,
            0.15528567135334015,
            0.15528567135334015,
            0.15528567135334015,
            0.15528567135334015
        ],
        [
            0.13274525105953217,
            0.13274525105953217,
            0.13274525105953217,
            0.13274525105953217,
            0.13274525105953217,
            0.13274525105953217,
            0.13274525105953217,
            0.0,
            0.13274525105953217,
            0.13274525105953217,
            0.13274525105953217,
            0.13274525105953217,
            0.13274525105953217,
            0.13274525105953217,
            0.13274525105953217,
            0.13274525105953217
        ],
        [
            0.14867499470710754,
            0.14867499470710754,
            0.14867499470710754,
            0.14867499470710754,
            0.14867499470710754,
            0.14867499470710754,
            0.14867499470710754,
            0.14867499470710754,
            0.0,
            0.14867499470710754,
            0.14867499470710754,
            0.14867499470710754,
            0.14867499470710754,
            0.14867499470710754,
            0.14867499470710754,
            0.14867499470710754
        ],
        [
            0.28836002945899963,
            0.28836002945899963,
            0.28836002945899963,
            0.28836002945899963,
            0.28836002945899963,
            0.28836002945899963,
            0.28836002945899963,
            0.28836002945899963,
            0.28836002945899963,
            0.0,
            0.28836002945899963,
            0.28836002945899963,
            0.28836002945899963,
            0.28836002945899963,
            0.28836002945899963,
            0.28836002945899963
        ],
        [
            0.2356746792793274,
            0.2356746792793274,
            0.2356746792793274,
            0.2356746792793274,
            0.2356746792793274,
            0.2356746792793274,
            0.2356746792793274,
            0.2356746792793274,
            0.2356746792793274,
            0.2356746792793274,
            0.0,
            0.2356746792793274,
            0.2356746792793274,
            0.2356746792793274,
            0.2356746792793274,
            0.2356746792793274
        ],
        [
            0.21003419160842896,
            0.21003419160842896,
            0.21003419160842896,
            0.21003419160842896,
            0.21003419160842896,
            0.21003419160842896,
            0.21003419160842896,
            0.21003419160842896,
            0.21003419160842896,
            0.21003419160842896,
            0.21003419160842896,
            0.0,
            0.21003419160842896,
            0.21003419160842896,
            0.21003419160842896,
            0.21003419160842896
        ],
        [
            0.18029555678367615,
            0.18029555678367615,
            0.18029555678367615,
            0.18029555678367615,
            0.18029555678367615,
            0.18029555678367615,
            0.18029555678367615,
            0.18029555678367615,
            0.18029555678367615,
            0.18029555678367615,
            0.18029555678367615,
            0.18029555678367615,
            0.0,
            0.18029555678367615,
            0.18029555678367615,
            0.18029555678367615
        ],
        [
            0.16138602793216705,
            0.16138602793216705,
            0.16138602793216705,
            0.16138602793216705,
            0.16138602793216705,
            0.16138602793216705,
            0.16138602793216705,
            0.16138602793216705,
            0.16138602793216705,
            0.16138602793216705,
            0.16138602793216705,
            0.16138602793216705,
            0.16138602793216705,
            0.0,
            0.16138602793216705,
            0.16138602793216705
        ],
        [
            0.1462877243757248,
            0.1462877243757248,
            0.1462877243757248,
            0.1462877243757248,
            0.1462877243757248,
            0.1462877243757248,
            0.1462877243757248,
            0.1462877243757248,
            0.1462877243757248,
            0.1462877243757248,
            0.1462877243757248,
            0.1462877243757248,
            0.1462877243757248,
            0.1462877243757248,
            0.0,
            0.1462877243757248
        ],
        [
            0.13454550504684448,
            0.13454550504684448,
            0.13454550504684448,
            0.13454550504684448,
            0.13454550504684448,
            0.13454550504684448,
            0.13454550504684448,
            0.13454550504684448,
            0.13454550504684448,
            0.13454550504684448,
            0.13454550504684448,
            0.13454550504684448,
            0.13454550504684448,
            0.13454550504684448,
            0.13454550504684448,
            0.0
        ]
    ],
    "chain_plddt": [
        0.94140625,
        0.9453125,
        0.91796875,
        0.71484375,
        0.56640625,
        0.5,
        0.34765625,
        0.310546875,
        0.328125,
        0.703125,
        0.515625,
        0.396484375,
        0.369140625,
        0.30859375,
        0.34375,
        0.283203125
    ],
    "chain_pair_plddt": [
        [
            0.0,
            0.94140625,
            0.9296875,
            0.94140625,
            0.94140625,
            0.94140625,
            0.94140625,
            0.94140625,
            0.94140625,
            0.94140625,
            0.94140625,
            0.94140625,
            0.94140625,
            0.94140625,
            0.94140625,
            0.94140625
        ],
        [
            0.94140625,
            0.0,
            0.9296875,
            0.9453125,
            0.9453125,
            0.9453125,
            0.9453125,
            0.9453125,
            0.9453125,
            0.9453125,
            0.9453125,
            0.9453125,
            0.9453125,
            0.9453125,
            0.9453125,
            0.9453125
        ],
        [
            0.9296875,
            0.9296875,
            0.0,
            0.91796875,
            0.91796875,
            0.9140625,
            0.9140625,
            0.9140625,
            0.9140625,
            0.91796875,
            0.91796875,
            0.91796875,
            0.91796875,
            0.91796875,
            0.91796875,
            0.91796875
        ],
        [
            0.94140625,
            0.9453125,
            0.91796875,
            0.0,
            0.640625,
            0.609375,
            0.53125,
            0.51171875,
            0.5234375,
            0.7109375,
            0.67578125,
            0.65234375,
            0.64453125,
            0.6328125,
            0.640625,
            0.62890625
        ],
        [
            0.94140625,
            0.9453125,
            0.91796875,
            0.640625,
            0.0,
            0.53515625,
            0.45703125,
            0.439453125,
            0.44921875,
            0.59375,
            0.55859375,
            0.53125,
            0.52734375,
            0.515625,
            0.5234375,
            0.51171875
        ],
        [
            0.94140625,
            0.9453125,
            0.9140625,
            0.609375,
            0.53515625,
            0.0,
            0.423828125,
            0.40625,
            0.4140625,
            0.5390625,
            0.50390625,
            0.478515625,
            0.474609375,
            0.4609375,
            0.46875,
            0.45703125
        ],
        [
            0.94140625,
            0.9453125,
            0.9140625,
            0.53125,
            0.45703125,
            0.423828125,
            0.0,
            0.330078125,
            0.33984375,
            0.419921875,
            0.3828125,
            0.357421875,
            0.353515625,
            0.33984375,
            0.34765625,
            0.3359375
        ],
        [
            0.94140625,
            0.9453125,
            0.9140625,
            0.51171875,
            0.439453125,
            0.40625,
            0.330078125,
            0.0,
            0.3203125,
            0.388671875,
            0.3515625,
            0.328125,
            0.322265625,
            0.310546875,
            0.318359375,
            0.3046875
        ],
        [
            0.94140625,
            0.9453125,
            0.9140625,
            0.5234375,
            0.44921875,
            0.4140625,
            0.33984375,
            0.3203125,
            0.0,
            0.404296875,
            0.3671875,
            0.341796875,
            0.337890625,
            0.32421875,
            0.33203125,
            0.3203125
        ],
        [
            0.94140625,
            0.9453125,
            0.91796875,
            0.7109375,
            0.59375,
            0.5390625,
            0.419921875,
            0.388671875,
            0.404296875,
            0.0,
            0.609375,
            0.55078125,
            0.53515625,
            0.5078125,
            0.5234375,
            0.4921875
        ],
        [
            0.94140625,
            0.9453125,
            0.91796875,
            0.67578125,
            0.55859375,
            0.50390625,
            0.3828125,
            0.3515625,
            0.3671875,
            0.609375,
            0.0,
            0.45703125,
            0.44140625,
            0.412109375,
            0.4296875,
            0.3984375
        ],
        [
            0.94140625,
            0.9453125,
            0.91796875,
            0.65234375,
            0.53125,
            0.478515625,
            0.357421875,
            0.328125,
            0.341796875,
            0.55078125,
            0.45703125,
            0.0,
            0.3828125,
            0.3515625,
            0.37109375,
            0.33984375
        ],
        [
            0.94140625,
            0.9453125,
            0.91796875,
            0.64453125,
            0.52734375,
            0.474609375,
            0.353515625,
            0.322265625,
            0.337890625,
            0.53515625,
            0.44140625,
            0.3828125,
            0.0,
            0.33984375,
            0.35546875,
            0.326171875
        ],
        [
            0.94140625,
            0.9453125,
            0.91796875,
            0.6328125,
            0.515625,
            0.4609375,
            0.33984375,
            0.310546875,
            0.32421875,
            0.5078125,
            0.412109375,
            0.3515625,
            0.33984375,
            0.0,
            0.326171875,
            0.296875
        ],
        [
            0.94140625,
            0.9453125,
            0.91796875,
            0.640625,
            0.5234375,
            0.46875,
            0.34765625,
            0.318359375,
            0.33203125,
            0.5234375,
            0.4296875,
            0.37109375,
            0.35546875,
            0.326171875,
            0.0,
            0.3125
        ],
        [
            0.94140625,
            0.9453125,
            0.91796875,
            0.62890625,
            0.51171875,
            0.45703125,
            0.3359375,
            0.3046875,
            0.3203125,
            0.4921875,
            0.3984375,
            0.33984375,
            0.326171875,
            0.296875,
            0.3125,
            0.0
        ]
    ],
    "has_clash": false,
    "disorder": 0.0,
    "ranking_score": 0.9199885725975037,
    "num_recycles": 10
}