{
    "plddt": 93.5,
    "gpde": 0.6310034394264221,
    "ptm": 0.9241389632225037,
    "iptm": 0.9122032523155212,
    "chain_ptm": [
        0.9039977192878723,
        0.9101436734199524,
        0.936038613319397,
        0.2723795175552368,
        0.27644822001457214,
        0.28430163860321045,
        0.2759721279144287,
        0.2739575505256653,
        0.26332199573516846,
        0.0,
        0.0,
        0.0,
        0.0,
        0.0,
        0.0,
        0.0
    ],
    "chain_iptm": [
        0.7012799382209778,
        0.6901609301567078,
        0.638831615447998,
        0.22743573784828186,
        0.19377711415290833,
        0.18997901678085327,
        0.14640264213085175,
        0.13593989610671997,
        0.13516424596309662,
        0.2821829617023468,
        0.23742161691188812,
        0.2376289665699005,
        0.18729689717292786,
        0.16639108955860138,
        0.15533070266246796,
        0.14486555755138397
    ],
    "chain_pair_iptm": [
        [
            0.0,
            0.9327786564826965,
            0.8854621648788452,
            0.8850281238555908,
            0.7687132358551025,
            0.7131459712982178,
            0.6060178279876709,
            0.5276678204536438,
            0.5293277502059937,
            0.8452723026275635,
            0.7291021347045898,
            0.7126595973968506,
            0.6010479927062988,
            0.5047920346260071,
            0.5734319686889648,
            0.46684929728507996
        ],
        [
            0.9327786564826965,
            0.0,
            0.8780139684677124,
            0.8679146766662598,
            0.7740319967269897,
            0.6984196901321411,
            0.6198796033859253,
            0.5063127875328064,
            0.5122048854827881,
            0.8455418944358826,
            0.7261512279510498,
            0.6930758357048035,
            0.5979874730110168,
            0.4887561798095703,
            0.4618043005466461,
            0.48127180337905884
        ],
        [
            0.8854621648788452,
            0.8780139684677124,
            0.0,
            0.8176225423812866,
            0.672004222869873,
            0.7672661542892456,
            0.44844064116477966,
            0.4978282153606415,
            0.47621670365333557,
            0.7903560996055603,
            0.6719851493835449,
            0.686363697052002,
            0.4764711856842041,
            0.4748755693435669,
            0.357470840215683,
            0.3498954176902771
        ],
        [
            0.8850281238555908,
            0.8679146766662598,
            0.8176225423812866,
            0.0,
            0.00290683307684958,
            0.0013186135329306126,
            0.0009956901194527745,
            0.003989929333329201,
            0.004828487988561392,
            0.04484743997454643,
            0.002013764576986432,
            0.0037826800253242254,
            0.001490966184064746,
            0.008463011123239994,
            0.0005966867320239544,
            0.0006170999258756638
        ],
        [
            0.7687132358551025,
            0.7740319967269897,
            0.672004222869873,
            0.00290683307684958,
            0.0,
            0.0006875656545162201,
            0.001397188170813024,
            0.0008037592051550746,
            0.0013305125758051872,
            0.0032122828997671604,
            0.003327749902382493,
            0.0011066111037507653,
            0.0021647349931299686,
            0.001367353368550539,
            0.00100126420147717,
            0.0009427074110135436
        ],
        [
            0.7131459712982178,
            0.6984196901321411,
            0.7672661542892456,
            0.0013186135329306126,
            0.0006875656545162201,
            0.0,
            0.0003326527075842023,
            0.0006527345394715667,
            0.0006535775028169155,
            0.0010995995253324509,
            0.0007657408132217824,
            0.0009736042120493948,
            0.0005032217595726252,
            0.0006387380417436361,
            0.00029546968289650977,
            0.0002874702331610024
        ],
        [
            0.6060178279876709,
            0.6198796033859253,
            0.44844064116477966,
            0.0009956901194527745,
            0.001397188170813024,
            0.0003326527075842023,
            0.0,
            0.00041114044142886996,
            0.0006925334455445409,
            0.0008756718598306179,
            0.0005906822625547647,
            0.0005612102104350924,
            0.0033830031752586365,
            0.0008352414588443935,
            0.0021712654270231724,
            0.0025089497212320566
        ],
        [
            0.5276678204536438,
            0.5063127875328064,
            0.4978282153606415,
            0.003989929333329201,
            0.0008037592051550746,
            0.0006527345394715667,
            0.00041114044142886996,
            0.0,
            0.008769984357059002,
            0.003681034781038761,
            0.0010290119098499417,
            0.020213404670357704,
            0.0008297301246784627,
            0.007126762066036463,
            0.00043410720536485314,
            0.000430659216362983
        ],
        [
            0.5293277502059937,
            0.5122048854827881,
            0.47621670365333557,
            0.004828487988561392,
            0.0013305125758051872,
            0.0006535775028169155,
            0.0006925334455445409,
            0.008769984357059002,
            0.0,
            0.004760153125971556,
            0.0018290517618879676,
            0.019923940300941467,
            0.001793788163922727,
            0.010664851404726505,
            0.0007703716401010752,
            0.0009865912143141031
        ],
        [
            0.8452723026275635,
            0.8455418944358826,
            0.7903560996055603,
            0.04484743997454643,
            0.0032122828997671604,
            0.0010995995253324509,
            0.0008756718598306179,
            0.003681034781038761,
            0.004760153125971556,
            0.0,
            0.0,
            0.0,
            0.0,
            0.0,
            0.0,
            0.0
        ],
        [
            0.7291021347045898,
            0.7261512279510498,
            0.6719851493835449,
            0.002013764576986432,
            0.003327749902382493,
            0.0007657408132217824,
            0.0005906822625547647,
            0.0010290119098499417,
            0.0018290517618879676,
            0.0,
            0.0,
            0.0,
            0.0,
            0.0,
            0.0,
            0.0
        ],
        [
            0.7126595973968506,
            0.6930758357048035,
            0.686363697052002,
            0.0037826800253242254,
            0.0011066111037507653,
            0.0009736042120493948,
            0.0005612102104350924,
            0.020213404670357704,
            0.019923940300941467,
            0.0,
            0.0,
            0.0,
            0.0,
            0.0,
            0.0,
            0.0
        ],
        [
            0.6010479927062988,
            0.5979874730110168,
            0.4764711856842041,
            0.001490966184064746,
            0.0021647349931299686,
            0.0005032217595726252,
            0.0033830031752586365,
            0.0008297301246784627,
            0.001793788163922727,
            0.0,
            0.0,
            0.0,
            0.0,
            0.0,
            0.0,
            0.0
        ],
        [
            0.5047920346260071,
            0.4887561798095703,
            0.4748755693435669,
            0.008463011123239994,
            0.001367353368550539,
            0.0006387380417436361,
            0.0008352414588443935,
            0.007126762066036463,
            0.010664851404726505,
            0.0,
            0.0,
            0.0,
            0.0,
            0.0,
            0.0,
            0.0
        ],
        [
            0.5734319686889648,
            0.4618043005466461,
            0.357470840215683,
            0.0005966867320239544,
            0.00100126420147717,
            0.00029546968289650977,
            0.0021712654270231724,
            0.00043410720536485314,
            0.0007703716401010752,
            0.0,
            0.0,
            0.0,
            0.0,
            0.0,
            0.0,
            0.0
        ],
        [
            0.46684929728507996,
            0.48127180337905884,
            0.3498954176902771,
            0.0006170999258756638,
            0.0009427074110135436,
            0.0002874702331610024,
            0.0025089497212320566,
            0.000430659216362983,
            0.0009865912143141031,
            0.0,
            0.0,
            0.0,
            0.0,
            0.0,
            0.0,
            0.0
        ]
    ],
    "chain_pair_iptm_global": [
        [
            0.0,
            0.6957204341888428,
            0.6700557470321655,
            0.22743573784828186,
            0.19377711415290833,
            0.18997901678085327,
            0.14640264213085175,
            0.13593989610671997,
            0.13516424596309662,
            0.2821829617023468,
            0.23742161691188812,
            0.2376289665699005,
            0.18729689717292786,
            0.16639108955860138,
            0.15533070266246796,
            0.14486555755138397
        ],
        [
            0.6957204341888428,
            0.0,
            0.6644963026046753,
            0.22743573784828186,
            0.19377711415290833,
            0.18997901678085327,
            0.14640264213085175,
            0.13593989610671997,
            0.13516424596309662,
            0.2821829617023468,
            0.23742161691188812,
            0.2376289665699005,
            0.18729689717292786,
            0.16639108955860138,
            0.15533070266246796,
            0.14486555755138397
        ],
        [
            0.6700557470321655,
            0.6644963026046753,
            0.0,
            0.22743573784828186,
            0.19377711415290833,
            0.18997901678085327,
            0.14640264213085175,
            0.13593989610671997,
            0.13516424596309662,
            0.2821829617023468,
            0.23742161691188812,
            0.2376289665699005,
            0.18729689717292786,
            0.16639108955860138,
            0.15533070266246796,
            0.14486555755138397
        ],
        [
            0.22743573784828186,
            0.22743573784828186,
            0.22743573784828186,
            0.0,
            0.22743573784828186,
            0.22743573784828186,
            0.22743573784828186,
            0.22743573784828186,
            0.22743573784828186,
            0.22743573784828186,
            0.22743573784828186,
            0.22743573784828186,
            0.22743573784828186,
            0.22743573784828186,
            0.22743573784828186,
            0.22743573784828186
        ],
        [
            0.19377711415290833,
            0.19377711415290833,
            0.19377711415290833,
            0.19377711415290833,
            0.0,
            0.19377711415290833,
            0.19377711415290833,
            0.19377711415290833,
            0.19377711415290833,
            0.19377711415290833,
            0.19377711415290833,
            0.19377711415290833,
            0.19377711415290833,
            0.19377711415290833,
            0.19377711415290833,
            0.19377711415290833
        ],
        [
            0.18997901678085327,
            0.18997901678085327,
            0.18997901678085327,
            0.18997901678085327,
            0.18997901678085327,
            0.0,
            0.18997901678085327,
            0.18997901678085327,
            0.18997901678085327,
            0.18997901678085327,
            0.18997901678085327,
            0.18997901678085327,
            0.18997901678085327,
            0.18997901678085327,
            0.18997901678085327,
            0.18997901678085327
        ],
        [
            0.14640264213085175,
            0.14640264213085175,
            0.14640264213085175,
            0.14640264213085175,
            0.14640264213085175,
            0.14640264213085175,
            0.0,
            0.14640264213085175,
            0.14640264213085175,
            0.14640264213085175,
            0.14640264213085175,
            0.14640264213085175,
            0.14640264213085175,
            0.14640264213085175,
            0.14640264213085175,
            0.14640264213085175
        ],
        [
            0.13593989610671997,
            0.13593989610671997,
            0.13593989610671997,
            0.13593989610671997,
            0.13593989610671997,
            0.13593989610671997,
            0.13593989610671997,
            0.0,
            0.13593989610671997,
            0.13593989610671997,
            0.13593989610671997,
            0.13593989610671997,
            0.13593989610671997,
            0.13593989610671997,
            0.13593989610671997,
            0.13593989610671997
        ],
        [
            0.13516424596309662,
            0.13516424596309662,
            0.13516424596309662,
            0.13516424596309662,
            0.13516424596309662,
            0.13516424596309662,
            0.13516424596309662,
            0.13516424596309662,
            0.0,
            0.13516424596309662,
            0.13516424596309662,
            0.13516424596309662,
            0.13516424596309662,
            0.13516424596309662,
            0.13516424596309662,
            0.13516424596309662
        ],
        [
            0.2821829617023468,
            0.2821829617023468,
            0.2821829617023468,
            0.2821829617023468,
            0.2821829617023468,
            0.2821829617023468,
            0.2821829617023468,
            0.2821829617023468,
            0.2821829617023468,
            0.0,
            0.2821829617023468,
            0.2821829617023468,
            0.2821829617023468,
            0.2821829617023468,
            0.2821829617023468,
            0.2821829617023468
        ],
        [
            0.23742161691188812,
            0.23742161691188812,
            0.23742161691188812,
            0.23742161691188812,
            0.23742161691188812,
            0.23742161691188812,
            0.23742161691188812,
            0.23742161691188812,
            0.23742161691188812,
            0.23742161691188812,
            0.0,
            0.23742161691188812,
            0.23742161691188812,
            0.23742161691188812,
            0.23742161691188812,
            0.23742161691188812
        ],
        [
            0.2376289665699005,
            0.2376289665699005,
            0.2376289665699005,
            0.2376289665699005,
            0.2376289665699005,
            0.2376289665699005,
            0.2376289665699005,
            0.2376289665699005,
            0.2376289665699005,
            0.2376289665699005,
            0.2376289665699005,
            0.0,
            0.2376289665699005,
            0.2376289665699005,
            0.2376289665699005,
            0.2376289665699005
        ],
        [
            0.18729689717292786,
            0.18729689717292786,
            0.18729689717292786,
            0.18729689717292786,
            0.18729689717292786,
            0.18729689717292786,
            0.18729689717292786,
            0.18729689717292786,
            0.18729689717292786,
            0.18729689717292786,
            0.18729689717292786,
            0.18729689717292786,
            0.0,
            0.18729689717292786,
            0.18729689717292786,
            0.18729689717292786
        ],
        [
            0.16639108955860138,
            0.16639108955860138,
            0.16639108955860138,
            0.16639108955860138,
            0.16639108955860138,
            0.16639108955860138,
            0.16639108955860138,
            0.16639108955860138,
            0.16639108955860138,
            0.16639108955860138,
            0.16639108955860138,
            0.16639108955860138,
            0.16639108955860138,
            0.0,
            0.16639108955860138,
            0.16639108955860138
        ],
        [
            0.15533070266246796,
            0.15533070266246796,
            0.15533070266246796,
            0.15533070266246796,
            0.15533070266246796,
            0.15533070266246796,
            0.15533070266246796,
            0.15533070266246796,
            0.15533070266246796,
            0.15533070266246796,
            0.15533070266246796,
            0.15533070266246796,
            0.15533070266246796,
            0.15533070266246796,
            0.0,
            0.15533070266246796
        ],
        [
            0.14486555755138397,
            0.14486555755138397,
            0.14486555755138397,
            0.14486555755138397,
            0.14486555755138397,
            0.14486555755138397,
            0.14486555755138397,
            0.14486555755138397,
            0.14486555755138397,
            0.14486555755138397,
            0.14486555755138397,
            0.14486555755138397,
            0.14486555755138397,
            0.14486555755138397,
            0.14486555755138397,
            0.0
        ]
    ],
    "chain_plddt": [
        0.94140625,
        0.94140625,
        0.921875,
        0.734375,
        0.66015625,
        0.609375,
        0.51953125,
        0.443359375,
        0.46484375,
        0.77734375,
        0.671875,
        0.6015625,
        0.5390625,
        0.466796875,
        0.5078125,
        0.48828125
    ],
    "chain_pair_plddt": [
        [
            0.0,
            0.94140625,
            0.9296875,
            0.94140625,
            0.94140625,
            0.94140625,
            0.94140625,
            0.9375,
            0.9375,
            0.94140625,
            0.94140625,
            0.94140625,
            0.94140625,
            0.94140625,
            0.94140625,
            0.94140625
        ],
        [
            0.94140625,
            0.0,
            0.9296875,
            0.94140625,
            0.94140625,
            0.94140625,
            0.94140625,
            0.94140625,
            0.94140625,
            0.94140625,
            0.94140625,
            0.94140625,
            0.94140625,
            0.94140625,
            0.94140625,
            0.94140625
        ],
        [
            0.9296875,
            0.9296875,
            0.0,
            0.921875,
            0.921875,
            0.921875,
            0.921875,
            0.91796875,
            0.91796875,
            0.921875,
            0.921875,
            0.921875,
            0.921875,
            0.921875,
            0.921875,
            0.921875
        ],
        [
            0.94140625,
            0.94140625,
            0.921875,
            0.0,
            0.6953125,
            0.671875,
            0.625,
            0.58984375,
            0.6015625,
            0.7421875,
            0.72265625,
            0.70703125,
            0.6953125,
            0.6796875,
            0.6875,
            0.68359375
        ],
        [
            0.94140625,
            0.94140625,
            0.921875,
            0.6953125,
            0.0,
            0.6328125,
            0.58984375,
            0.55078125,
            0.5625,
            0.68359375,
            0.6640625,
            0.6484375,
            0.63671875,
            0.62109375,
            0.62890625,
            0.625
        ],
        [
            0.94140625,
            0.94140625,
            0.921875,
            0.671875,
            0.6328125,
            0.0,
            0.5625,
            0.52734375,
            0.53515625,
            0.640625,
            0.62109375,
            0.60546875,
            0.59375,
            0.578125,
            0.5859375,
            0.58203125
        ],
        [
            0.94140625,
            0.94140625,
            0.921875,
            0.625,
            0.58984375,
            0.5625,
            0.0,
            0.48046875,
            0.4921875,
            0.5703125,
            0.55078125,
            0.53515625,
            0.5234375,
            0.5078125,
            0.515625,
            0.51171875
        ],
        [
            0.9375,
            0.94140625,
            0.91796875,
            0.58984375,
            0.55078125,
            0.52734375,
            0.48046875,
            0.0,
            0.455078125,
            0.51171875,
            0.490234375,
            0.474609375,
            0.462890625,
            0.44921875,
            0.45703125,
            0.453125
        ],
        [
            0.9375,
            0.94140625,
            0.91796875,
            0.6015625,
            0.5625,
            0.53515625,
            0.4921875,
            0.455078125,
            0.0,
            0.52734375,
            0.5078125,
            0.4921875,
            0.48046875,
            0.46484375,
            0.47265625,
            0.46875
        ],
        [
            0.94140625,
            0.94140625,
            0.921875,
            0.7421875,
            0.68359375,
            0.640625,
            0.5703125,
            0.51171875,
            0.52734375,
            0.0,
            0.7265625,
            0.6875,
            0.65625,
            0.62109375,
            0.640625,
            0.6328125
        ],
        [
            0.94140625,
            0.94140625,
            0.921875,
            0.72265625,
            0.6640625,
            0.62109375,
            0.55078125,
            0.490234375,
            0.5078125,
            0.7265625,
            0.0,
            0.63671875,
            0.60546875,
            0.5703125,
            0.58984375,
            0.578125
        ],
        [
            0.94140625,
            0.94140625,
            0.921875,
            0.70703125,
            0.6484375,
            0.60546875,
            0.53515625,
            0.474609375,
            0.4921875,
            0.6875,
            0.63671875,
            0.0,
            0.5703125,
            0.53515625,
            0.5546875,
            0.546875
        ],
        [
            0.94140625,
            0.94140625,
            0.921875,
            0.6953125,
            0.63671875,
            0.59375,
            0.5234375,
            0.462890625,
            0.48046875,
            0.65625,
            0.60546875,
            0.5703125,
            0.0,
            0.50390625,
            0.5234375,
            0.515625
        ],
        [
            0.94140625,
            0.94140625,
            0.921875,
            0.6796875,
            0.62109375,
            0.578125,
            0.5078125,
            0.44921875,
            0.46484375,
            0.62109375,
            0.5703125,
            0.53515625,
            0.50390625,
            0.0,
            0.48828125,
            0.4765625
        ],
        [
            0.94140625,
            0.94140625,
            0.921875,
            0.6875,
            0.62890625,
            0.5859375,
            0.515625,
            0.45703125,
            0.47265625,
            0.640625,
            0.58984375,
            0.5546875,
            0.5234375,
            0.48828125,
            0.0,
            0.498046875
        ],
        [
            0.94140625,
            0.94140625,
            0.921875,
            0.68359375,
            0.625,
            0.58203125,
            0.51171875,
            0.453125,
            0.46875,
            0.6328125,
            0.578125,
            0.546875,
            0.515625,
            0.4765625,
            0.498046875,
            0.0
        ]
    ],
    "has_clash": false,
    "disorder": 0.0,
    "ranking_score": 0.9145904183387756,
    "num_recycles": 10
}